[gd_scene format=3 uid="uid://dl3n3l6adpi2n"]

[ext_resource type="PackedScene" uid="uid://btcc6ponosgee" path="res://blockouts/column-row.tscn" id="1_sq6o5"]
[ext_resource type="PackedScene" uid="uid://c2378c3ynvkw5" path="res://blockouts/floor-section.tscn" id="2_wxngo"]
[ext_resource type="PackedScene" uid="uid://b3f72nfieyidf" path="res://blockouts/half-ramp-up.tscn" id="3_hty7o"]
[ext_resource type="PackedScene" uid="uid://b7nlcrpaih5l4" path="res://blockouts/ramp-up.tscn" id="4_52u62"]
[ext_resource type="PackedScene" uid="uid://btj7byhmw22tt" path="res://blockouts/prototyping/shape-hollow-cylinder-detailed.glb" id="5_c6egc"]
[ext_resource type="PackedScene" uid="uid://bcp3vebxuafqh" path="res://blockouts/prototyping/wall-doorway-round.glb" id="6_tmour"]
[ext_resource type="PackedScene" uid="uid://u5prtrc2gnta" path="res://blockouts/fountain.tscn" id="7_8u4ej"]

[node name="Blockout-4-3" type="Node3D" unique_id=1800614370]

[node name="Node3D" parent="." unique_id=1925341946 instance=ExtResource("1_sq6o5")]

[node name="Node3D2" parent="." unique_id=1275814195 instance=ExtResource("1_sq6o5")]
transform = Transform3D(1, 0, 0, 0, 1, 0, 0, 0, 1, -12, 0, 0)

[node name="Node3D3" parent="." unique_id=32652200 instance=ExtResource("1_sq6o5")]
transform = Transform3D(-4.371139e-08, 0, -1, 0, 1, 0, 1, 0, -4.371139e-08, -12, 0, 16)

[node name="Node3D4" parent="." unique_id=58590667 instance=ExtResource("1_sq6o5")]
transform = Transform3D(-4.371139e-08, 0, -1, 0, 1, 0, 1, 0, -4.371139e-08, -12, 0, 4)

[node name="Node3D5" parent="." unique_id=1452360695 instance=ExtResource("1_sq6o5")]
transform = Transform3D(-4.371139e-08, 0, -1, 0, 1, 0, 1, 0, -4.371139e-08, 8, 0, 16)

[node name="Node3D6" parent="." unique_id=1754228020 instance=ExtResource("1_sq6o5")]
transform = Transform3D(-4.371139e-08, 0, -1, 0, 1, 0, 1, 0, -4.371139e-08, 8, 0, 4)

[node name="Node3D7" parent="." unique_id=462191256 instance=ExtResource("1_sq6o5")]
transform = Transform3D(1, 0, 0, 0, 1, 0, 0, 0, 1, 0, 4.5, 0)

[node name="Node3D8" parent="." unique_id=1747706125 instance=ExtResource("1_sq6o5")]
transform = Transform3D(1, 0, 0, 0, 1, 0, 0, 0, 1, -12, 4.5, 0)

[node name="Node3D9" parent="." unique_id=1125526382 instance=ExtResource("1_sq6o5")]
transform = Transform3D(-4.371139e-08, 0, -1, 0, 1, 0, 1, 0, -4.371139e-08, -12, 4.5, 16)

[node name="Node3D10" parent="." unique_id=798311558 instance=ExtResource("1_sq6o5")]
transform = Transform3D(-4.371139e-08, 0, -1, 0, 1, 0, 1, 0, -4.371139e-08, -12, 4.5, 4)

[node name="Node3D11" parent="." unique_id=1298382031 instance=ExtResource("1_sq6o5")]
transform = Transform3D(-4.371139e-08, 0, -1, 0, 1, 0, 1, 0, -4.371139e-08, 8, 4.5, 16)

[node name="Node3D12" parent="." unique_id=1189007570 instance=ExtResource("1_sq6o5")]
transform = Transform3D(-4.371139e-08, 0, -1, 0, 1, 0, 1, 0, -4.371139e-08, 8, 4.5, 4)

[node name="Node3D13" parent="." unique_id=1424502991 instance=ExtResource("2_wxngo")]
transform = Transform3D(-4.371139e-08, 0, 1, 0, 1, 0, -1, 0, -4.371139e-08, -7.973279, 0, 12.014243)

[node name="Node3D14" parent="." unique_id=1283666771 instance=ExtResource("2_wxngo")]
transform = Transform3D(1, 0, 0, 0, 1, 0, 0, 0, 1, 0.026721, 0, -15.985757)

[node name="Node3D15" parent="." unique_id=970948520 instance=ExtResource("2_wxngo")]
transform = Transform3D(-4.371139e-08, -1, 0, 1, -4.371139e-08, 0, 0, 0, 1, 7.526721, 0, -15.985757)

[node name="Node3D16" parent="." unique_id=920004639 instance=ExtResource("2_wxngo")]
transform = Transform3D(1, -4.3711392e-08, 4.371139e-08, -4.3711392e-08, -4.3711385e-08, 1, -4.371139e-08, -1, -4.371139e-08, 0.026721, 0, -17.985756)

[node name="Node3D17" parent="." unique_id=811598171 instance=ExtResource("2_wxngo")]
transform = Transform3D(1, -4.3711392e-08, 4.371139e-08, -4.3711392e-08, -4.3711385e-08, 1, -4.371139e-08, -1, -4.371139e-08, -11.973279, 0, -17.985756)

[node name="Node3D18" parent="." unique_id=666647792 instance=ExtResource("2_wxngo")]
transform = Transform3D(-4.371139e-08, -1, 0, 1, -4.371139e-08, 0, 0, 0, 1, -11.523279, 0, -15.985757)

[node name="Node3D42" parent="." unique_id=1190374317 instance=ExtResource("2_wxngo")]
transform = Transform3D(-4.371139e-08, -1, 0, 1, -4.371139e-08, 0, 0, 0, 1, -8.023279, 6.5, -15.985757)

[node name="Node3D43" parent="." unique_id=1654670731 instance=ExtResource("2_wxngo")]
transform = Transform3D(-4.371139e-08, -1, 0, 1, -4.371139e-08, 0, 0, 0, 1, 3.9767208, 6.5, -15.985757)

[node name="Node3D19" parent="." unique_id=827925714 instance=ExtResource("2_wxngo")]
transform = Transform3D(-1, 0, -8.742278e-08, 0, 1, 0, 8.742278e-08, 0, -1, 2.026721, 4.5, -3.9857569)

[node name="Node3D20" parent="." unique_id=669874622 instance=ExtResource("2_wxngo")]
transform = Transform3D(-1, 0, -8.742278e-08, 0, 1, 0, 8.742278e-08, 0, -1, 20.026722, 4.5, 16.014244)

[node name="Node3D21" parent="." unique_id=358724367 instance=ExtResource("2_wxngo")]
transform = Transform3D(-0.9848077, -0.17364818, -8.609462e-08, -0.17364818, 0.9848077, -1.5180806e-08, 8.742278e-08, 0, -1, 31.876722, 6.25, 12.014244)

[node name="Node3D41" parent="." unique_id=1336702866 instance=ExtResource("2_wxngo")]
transform = Transform3D(-0.9848077, -0.17364818, -8.609462e-08, -0.17364818, 0.9848077, -1.5180806e-08, 8.742278e-08, 0, -1, 43.376724, 8.299999, 7.014244)

[node name="Node3D22" parent="." unique_id=521586543 instance=ExtResource("2_wxngo")]
transform = Transform3D(-1, 0, -8.742278e-08, 0, 1, 0, 8.742278e-08, 0, -1, -15.973279, 0, 19.014244)

[node name="Node3D23" parent="." unique_id=429139413 instance=ExtResource("2_wxngo")]
transform = Transform3D(1.3113416e-07, 0, -1, 0, 1, 0, 1, 0, 1.3113416e-07, -15.973279, 4.5, 16.014244)

[node name="Node3D24" parent="." unique_id=789579607 instance=ExtResource("2_wxngo")]
transform = Transform3D(-1, 0, -8.742278e-08, 0, 1, 0, 8.742278e-08, 0, -1, 20.026722, 0, 19.014244)

[node name="Node3D25" parent="." unique_id=2054997219 instance=ExtResource("2_wxngo")]
transform = Transform3D(1, 0, 0, 0, 1, 0, 0, 0, 1, -11.973279, 0, -15.985757)

[node name="Node3D29" parent="." unique_id=737390716 instance=ExtResource("3_hty7o")]
transform = Transform3D(-4.371139e-08, 0, 1, 0, 1, 0, -1, 0, -4.371139e-08, -24.473278, 0, 10.514242)

[node name="Node3D30" parent="." unique_id=427666800 instance=ExtResource("3_hty7o")]
transform = Transform3D(1, -8.742278e-08, 1.7484555e-07, -8.742278e-08, -1, -3.5527137e-15, 1.7484555e-07, -7.9113995e-15, -1, -18.473278, 2.25, 6.5142403)

[node name="Node3D31" parent="." unique_id=693874368 instance=ExtResource("3_hty7o")]
transform = Transform3D(-1, 8.742278e-08, -8.742277e-08, -8.742278e-08, -1, -3.5527137e-15, -8.742277e-08, 2.686581e-16, 1, -23.473278, 2.25, 6.5142403)

[node name="Node3D32" parent="." unique_id=1170914925 instance=ExtResource("3_hty7o")]
transform = Transform3D(1, 0, 0, 0, 1, 0, 0, 0, 1, -16.473278, 2.25, 6.5142403)

[node name="Node3D33" parent="." unique_id=869229992 instance=ExtResource("3_hty7o")]
transform = Transform3D(1.3113416e-07, 0, -1, 0, 1, 0, 1, 0, 1.3113416e-07, 20.526722, 0, 15.514236)

[node name="Node3D34" parent="." unique_id=1182311556 instance=ExtResource("3_hty7o")]
transform = Transform3D(-1, 8.742278e-08, -8.742277e-08, -8.742278e-08, -1, -3.5527137e-15, -8.742277e-08, 2.6865513e-16, 1, 14.526723, 2.25, 19.51424)

[node name="Node3D35" parent="." unique_id=1538327207 instance=ExtResource("3_hty7o")]
transform = Transform3D(1, -8.742278e-08, 0, -8.742278e-08, -1, -3.5527137e-15, 0, 7.374084e-15, -1, 19.526722, 2.25, 19.514238)

[node name="Node3D36" parent="." unique_id=633723544 instance=ExtResource("3_hty7o")]
transform = Transform3D(-1, 0, -8.742277e-08, 0, 1, 0, 8.742277e-08, 0, -1, 12.526723, 2.25, 19.51424)

[node name="Node3D26" parent="." unique_id=667871948 instance=ExtResource("2_wxngo")]
transform = Transform3D(-4.371139e-08, 0, 1, 0, 1, 0, -1, 0, -4.371139e-08, -7.973279, 0, 24.014244)

[node name="Node3D37" parent="." unique_id=195400716 instance=ExtResource("2_wxngo")]
transform = Transform3D(-4.371139e-08, 0, 1, 0, 1, 0, -1, 0, -4.371139e-08, -7.973279, 0, 36.014244)

[node name="Node3D38" parent="." unique_id=229724781 instance=ExtResource("2_wxngo")]
transform = Transform3D(-4.371139e-08, 0, 1, 0.17364818, 0.9848077, 7.590403e-09, -0.9848077, 0.17364818, -4.304731e-08, -7.973279, -1.75, 47.864243)

[node name="Node3D40" parent="." unique_id=779438195 instance=ExtResource("2_wxngo")]
transform = Transform3D(-4.371139e-08, 0, 1, 0.17364818, 0.9848077, 7.590403e-09, -0.9848077, 0.17364818, -4.304731e-08, 8.026721, -1.75, 47.864243)

[node name="Node3D39" parent="." unique_id=1940661131 instance=ExtResource("2_wxngo")]
transform = Transform3D(-4.371139e-08, 0, 1, 0.17364818, 0.9848077, 7.590403e-09, -0.9848077, 0.17364818, -4.304731e-08, -23.973278, -1.75, 47.864243)

[node name="Node3D44" parent="." unique_id=1344821679 instance=ExtResource("2_wxngo")]
transform = Transform3D(-4.371139e-08, 0, 1, 0.17364818, 0.9848077, 7.590403e-09, -0.9848077, 0.17364818, -4.304731e-08, -7.973279, -3.75, 59.364243)

[node name="Node3D45" parent="." unique_id=83710244 instance=ExtResource("2_wxngo")]
transform = Transform3D(-4.371139e-08, 0, 1, 0.17364818, 0.9848077, 7.590403e-09, -0.9848077, 0.17364818, -4.304731e-08, 8.026721, -3.75, 59.364243)

[node name="Node3D46" parent="." unique_id=1815162871 instance=ExtResource("2_wxngo")]
transform = Transform3D(-4.371139e-08, 0, 1, 0.17364818, 0.9848077, 7.590403e-09, -0.9848077, 0.17364818, -4.304731e-08, -23.973278, -3.75, 59.364243)

[node name="Node3D27" parent="." unique_id=452151514 instance=ExtResource("4_52u62")]
transform = Transform3D(1.3113416e-07, 0, -1, 0, 1, 0, 1, 0, 1.3113416e-07, -10, 0, -7)

[node name="Node3D28" parent="." unique_id=556841944 instance=ExtResource("4_52u62")]
transform = Transform3D(1.3113416e-07, 0, -1, 0, 1, 0, 1, 0, 1.3113416e-07, 6, 0, -7)

[node name="shape-hollow-cylinder-detailed2" parent="." unique_id=1247750592 instance=ExtResource("5_c6egc")]
transform = Transform3D(-8.742278e-08, 0, 6, 0, 1, 0, -2, 0, -2.6226832e-07, -2, 4, -15.5)

[node name="shape-hollow-cylinder-detailed3" parent="." unique_id=718236709 instance=ExtResource("5_c6egc")]
transform = Transform3D(-1.7484555e-07, 0, 4, 0, 4, 0, -4, 0, -1.7484555e-07, -2, -3, 9.5)

[node name="wall-doorway-round2" parent="." unique_id=546800303 instance=ExtResource("6_tmour")]
transform = Transform3D(-5.2453663e-07, 0, 12, 0, 12, 0, -12, 0, -5.2453663e-07, -2, 0, 28.5)

[node name="Node3D47" parent="." unique_id=1441521307 instance=ExtResource("7_8u4ej")]
transform = Transform3D(0.56, 0, 0, 0, 0.56, 0, 0, 0, 0.56, -2, -1, 3)
